[
  [[[0,"white2"], 0, 0, 0, 0],
   [0, 0, [0,"blue1"], 0, 0],
   [0, 4, [0,"blue2"], 0, 0],
   [0, 0, 0, 0, 0],
   [0, 0, 0, [0,"white1"], 0]],
 "blue2", ["W", "E"]
]
[
  [[[0,"white2"], 0, 0, 0, 0],
   [0, 0, [0,"blue1"], 0, 0],
   [0, 4, [0,"blue2"], 0, 0],
   [0, 0, 0, 0, 0],
   [0, 0, 0, [0,"white1"], 0]],
 "blue2", ["NW", "S"]
]

[
  [[[0,"white2"], 0, 0, 0, 0],
   [0, 0, [0,"blue1"], 0, 0],
   [0, 4, [0,"blue2"], 0, 0],
   [0, 0, 0, 0, 0],
   [0, 0, 0, [0,"white1"], 0]],
 "blue2", ["S", "NW"]
]

[
  [[[0,"white2"], 0, 0, 0, 0],
   [0, 0, [0,"blue1"], 0, 0],
   [0, 4, [0,"blue2"], 0, 0],
   [0, 0, 0, 0, 0],
   [0, 0, 0, [0,"white1"], 0]],
 "white2", ["N", "NW"]
]

[
  [[[0,"white2"], 0, 0, 0, 0],
   [0, 0, [0,"blue1"], 0, 0],
   [0, 4, 0, 0, [0, "blue2"]],
   [0, 0, 0, 0, 0],
   [0, 0, 0, [0,"white1"], 0]],
 "blue2", ["E", "NW"]
]
